10
231 181 210 74 74 174 16 188 55 37 
1 11 99 74 185 246 51 66 138 121 
92 14 62 74 62 112 57 112 152 141 
147 128 67 101 202 141 20 219 73 75 
0 75 86 99 149 16 89 201 82 228 
66 175 242 128 249 48 240 50 160 137 
192 52 9 3 153 211 144 173 174 217 
248 174 36 79 17 186 95 107 131 177 
79 197 96 65 69 90 113 53 140 18 
190 76 70 199 79 223 155 223 141 73 
185 133 248 221 212 9 151 51 116 26 
229 195 223 69 4 36 159 118 90 44 
136 24 120 206 224 200 173 123 167 58 
196 96 192 188 62 148 198 213 200 58 
240 173 254 207 242 2 244 146 120 78 
190 0 102 54 206 70 254 124 193 166 
182 134 6 118 66 68 11 8 26 211 
67 10 128 65 217 114 67 205 4 188 
27 194 188 130 249 139 200 247 7 138 
157 189 16 164 52 82 232 63 91 2 
200870 112651 208695 172752 212547 107074 209250 161695 140338 111482 
158239 100898 137505 134957 180808 88843 201958 142449 115684 108265 
123441 99179 120267 123754 149358 81982 156315 122515 81967 88665 
192744 123968 201198 161922 201796 87176 206133 167142 120146 113976 
154750 124906 130857 144829 146821 95030 170567 140788 86320 96647 
252024 193669 217263 229550 220636 133590 247723 183673 148591 140660 
202616 158444 180444 177948 225261 92414 228656 159442 113539 142290 
201311 150970 184810 166868 179976 91823 213854 146184 124100 111569 
149907 115637 148299 120122 133063 77723 149396 121645 87344 93545 
220827 138692 210638 190548 231184 125213 229986 195222 145441 161299 
