10
5 46 78 255 202 7 222 46 142 236 
120 76 111 1 110 26 233 22 57 79 
95 136 239 247 9 175 125 27 182 158 
58 187 204 136 186 151 144 152 197 30 
132 61 106 243 62 217 13 40 239 70 
119 78 207 102 70 216 21 195 243 203 
97 45 134 46 182 64 197 70 216 138 
100 92 200 207 79 6 168 92 46 151 
163 166 230 114 12 44 74 34 239 61 
237 81 106 116 127 32 180 68 102 141 
206 203 233 150 154 57 157 66 149 203 
217 56 113 191 170 126 235 244 160 219 
49 141 44 156 1 171 188 182 239 35 
67 189 238 44 84 136 101 241 202 251 
188 163 51 46 99 222 172 78 210 76 
41 4 217 85 160 219 0 92 145 239 
127 212 173 109 0 1 245 102 242 191 
97 174 99 148 220 198 114 136 20 69 
212 62 73 174 147 233 137 148 69 26 
131 197 238 48 50 238 49 40 84 35 
163858 206102 191800 109853 94000 199060 177410 162961 205958 152377 
122622 134811 118372 99509 63814 102319 147862 96233 151036 109982 
163985 183058 220427 160540 128222 222816 184681 208959 226815 197940 
191520 182736 179723 177526 158823 237890 218198 213476 229746 188392 
147826 140383 190714 132259 139507 207951 134112 171189 174650 175340 
180124 182703 209358 174283 170622 272288 168884 187220 189109 161919 
171914 174243 157323 135926 108896 192018 179545 140042 186041 127813 
139124 189899 174561 124204 91961 163536 174764 164545 195048 151760 
163923 146932 152282 158956 117019 174352 179157 175564 177948 142364 
174104 194439 188943 135423 114815 163787 182467 143848 192151 162635 
